100.34
108.31
109.40
104.87
106.00
107.91
106.15
102.01
102.37
100.25
101.51
100.01
101.58
102.30
102.31
105.33
107.50
111.49
112.00
113.97
117.49
119.36
117.84
118.38
120.82
119.83
118.26
126.86
131.08
129.60
132.58
135.06
138.37
137.08
138.85
137.73
135.26
137.40
140.90
142.00
144.11
149.16
147.94
140.49
149.38
172.43
187.40
181.80
185.97
193.30
190.64
196.03
194.87
191.67
184.70
169.35
172.55
168.70
167.86
183.02
182.00
184.87
172.54
172.50
167.54
169.40
165.10
167.52
174.76
179.39
181.05
181.98
179.96
179.40
180.40
176.29
171.43
169.98
173.43
171.65
170.45
178.69
179.78
176.47
180.08
185.02
183.75
186.30
187.90
191.91
192.76
192.90
197.60
192.79
202.71
194.50
193.51
188.55
193.85
195.06
193.54
195.38
195.33
199.97
203.90
197.30
193.92
188.28
180.72
177.12
189.24
188.08
190.34
195.62
191.90
205.96
210.86
204.36
196.03
198.64
191.58
187.98
187.40
192.99
195.23
198.41
197.90
197.95
191.37
193.95
188.89
185.87
187.99
186.06
185.18
187.01
185.90
188.81
185.20
181.35
179.98
177.80
174.99
178.61
175.60
179.29
180.04
180.88
178.60
178.98
179.25
181.42
179.57
180.45
180.51
180.04
185.29
188.57
189.22
193.76
192.05
193.23
193.96
192.93
191.45
185.00
186.97
191.40
198.10
204.22
215.81
223.53
218.75
219.78
219.45
220.00
222.29
226.19
228.50
226.98
228.02
226.02
227.80
231.29
228.72
229.24
231.05
233.13
239.16
239.18
241.61
255.45
256.00
260.81
259.20
266.00
277.27
288.00
287.90
280.26
290.94
293.12
279.56
286.31
282.50
282.75
278.35
274.80
277.44
280.30
286.70
287.84
289.30
289.71
297.25
304.10
302.00
292.72
294.15
291.25
295.71
291.52
295.54
296.23
293.35
291.78
298.86
300.89
301.19
299.54
309.90
312.00
313.94
302.40
295.85
296.09
296.93
293.50
287.76
291.61
299.19
297.30
297.73
292.35
291.25
291.57
285.68
284.05
289.72
284.00
285.65
285.10
279.99
280.00
274.01
279.58
282.57
282.59
283.58
288.45
287.27
286.00
286.25
288.45
287.11
294.87
295.39
299.09
309.74
311.68
303.00
302.62
300.20
303.79
307.91
311.90
311.37
315.36
314.28
313.94
306.00
309.62
316.46
318.68
311.00
310.71
312.75
312.99
310.65
306.10
300.97
297.44
296.14
305.00
303.28
308.70
303.20
339.90
348.65
346.91
355.44
353.06
358.17
372.14
379.38
379.68
385.95
390.43
395.03
389.90
379.15
391.10
390.40
396.97
392.80
398.15
403.45
400.21
409.36
416.47
422.86
428.62
423.48
403.54
404.91
414.09
417.70
405.85
404.54
404.22
410.65
409.20
412.61
417.49
418.96
422.55
430.15
424.60
429.74
426.33
432.04
430.93
424.64
426.69
420.15
414.86
435.23
445.24
451.24
465.66
466.90
469.76
471.63
463.63
466.25
467.11
444.91
436.45
399.46
427.50
443.03
433.00
434.27
433.49
426.82
432.66
401.78
396.04
381.55
385.10
367.92
369.08
358.77
362.61
345.70
343.32
342.38
366.46
368.75
366.59
365.49
378.07
377.40
390.38
362.62
364.80
376.45
378.18
368.10
364.45
353.88
343.00
337.50
337.06
351.16
344.50
338.77
339.79
348.19
339.92
340.22
341.89
365.80
369.69
377.20
394.98
388.44
390.00
389.70
404.34
407.99
411.18
406.16
416.38
409.66
408.95
402.16
406.82
404.24
410.50
415.00
437.10
440.50
427.16
425.97
420.03
417.94
398.90
394.80
394.17
394.75
394.30
394.78
408.80
402.98
387.00
374.13
376.20
371.30
374.50
370.99
370.02
370.95
375.58
381.25
382.99
381.35
371.94
371.82
382.62
379.44
374.44
389.99
386.51
393.30
386.57
381.54
386.52
384.39
391.00
390.70
388.14
387.17
402.13
399.95
404.86
404.22
402.32
406.11
417.81
419.33
423.20
421.46
423.19
420.45
418.20
424.56
417.25
408.83
403.50
407.89
403.05
399.00
387.12
390.11
390.90
389.36
385.50
382.40
388.12
386.60
375.51
367.23
375.39
373.85
377.95
381.00
376.94
374.20
368.50
369.43
380.97
387.72
385.80
383.36
377.30
378.29
373.43
373.73
373.26
380.95
378.95
380.75
378.53
378.60
384.36
380.14
378.49
377.85
384.09
391.90
406.57
403.98
409.88
414.69
403.81
397.00
406.85
403.78
403.98
406.87
402.92
403.58
401.90
401.44
404.04
415.70
411.81
420.50
429.00
426.65
426.50
427.44
427.30
421.75
420.64
419.31
426.06
459.67
480.78
473.31
486.60
485.10
475.20
476.57
476.39
467.50
469.91
471.80
476.95
472.57
475.00
472.63
473.55
481.03
489.30
491.93
495.90
498.79
495.05
509.65
508.01
505.00
484.75
489.50
484.65
484.81
480.80
484.85
487.00
488.71
482.64
484.11
483.93
481.78
478.99
482.12
480.30
462.80
468.63
462.90
456.20
455.58
457.53
468.03
462.56
460.48
467.59
483.26
487.19
483.58
485.50
489.46
499.72
505.00
504.28
497.28
487.83
489.75
480.84
479.05
499.07
488.09
495.84
492.47
494.32
501.50
481.75
481.50
467.16
471.48
470.01
471.03
461.89
458.29
459.10
465.93
461.47
469.94
472.10
475.86
475.85
470.62
464.93
448.77
449.45
448.23
438.68
440.95
457.55
455.64
454.72
452.96
454.75
443.03
448.00
446.19
440.85
447.23
445.28
456.55
462.04
461.83
465.00
463.62
461.88
460.92
458.16
458.53
472.60
471.02
471.51
468.21
466.50
464.53
467.39
466.29
474.27
472.80
476.01
471.65
482.48
479.08
477.53
477.99
481.18
479.01
471.38
469.00
465.78
473.23
471.12
467.27
466.81
469.25
461.47
466.74
461.78
458.00
472.61
470.96
470.32
470.60
475.86
473.97
474.33
483.52
487.11
498.60
497.91
500.40
507.07
518.84
518.25
515.06
515.49
511.34
504.77
505.24
502.84
505.89
515.20
514.31
509.97
514.11
524.98
527.42
530.26
526.29
525.01
522.70
530.38
534.34
541.63
539.40
542.56
543.34
544.47
545.33
552.16
552.99
555.00
549.50
548.59
520.12
512.51
514.00
509.76
508.00
511.89
516.11
510.00
512.94
511.01
503.00
510.00
516.02
525.78
514.73
515.75
515.50
508.60
497.55
491.52
500.04
497.92
506.61
512.75
512.19
515.00
513.26
506.40
512.88
511.40
515.25
525.15
527.80
523.52
519.35
514.48
521.33
522.65
524.78
528.75
525.30
535.27
546.85
552.83
560.10
568.02
569.00
568.16
567.50
567.27
582.55
584.39
584.02
579.03
594.05
609.62
615.18
625.39
622.00
637.39
620.11
616.00
633.48
639.62
644.71
650.75
675.77
675.82
668.51
674.60
679.23
694.77
707.00
703.21
711.25
725.65
741.79
732.94
693.84
663.97
632.07
660.55
641.68
629.65
633.63
625.85
648.54
660.52
676.70
666.00
673.57
692.26
697.00
693.00
681.53
684.16
698.51
715.26
714.87
718.42
699.20
699.35
694.05
689.96
669.23
673.35
677.37
689.69
696.69
700.73
710.84
700.74
702.53
691.48
685.19
685.33
657.00
649.25
631.68
653.20
646.73
638.25
653.82
637.65
615.95
600.79
600.25
584.35
548.62
574.49
566.40
555.98
550.52
548.27
564.30
515.90
495.43
506.80
501.71
504.95
516.69
521.16
518.09
534.62
532.25
529.64
508.95
509.00
502.86
507.80
486.44
464.19
472.86
475.39
471.18
457.02
444.60
447.70
432.70
433.35
413.62
439.84
440.18
443.01
437.92
419.87
439.16
432.00
433.55
460.56
450.78
458.19
444.08
438.08
440.47
465.71
465.70
455.12
471.09
476.82
467.81
464.19
469.08
457.45
451.66
446.84
455.03
449.54
539.41
537.79
555.00
546.49
543.04
544.06
552.12
558.47
574.29
593.08
581.29
594.90
586.36
579.00
583.01
573.20
584.94
583.00
576.30
581.00
580.07
577.52
578.60
549.99
549.46
544.62
560.90
568.24
583.00
585.80
575.00
567.30
572.22
586.30
567.00
557.87
554.17
545.20
552.95
571.51
572.81
569.46
562.38
560.20
546.43
545.21
542.30
551.00
528.82
528.07
526.42
534.73
527.04
537.00
543.91
554.53
541.55
540.57
533.80
521.62
516.09
535.60
533.44
481.32
468.80
477.11
489.22
475.62
491.98
477.12
483.11
482.70
473.75
467.86
463.00
479.85
486.34
479.12
495.01
500.84
502.61
500.03
505.49
510.15
498.30
490.50
485.00
486.53
490.59
483.01
474.16
468.58
473.78
463.29
465.25
464.41
450.26
444.25
419.95
418.66
414.16
433.75
437.66
433.86
442.93
414.49
439.08
449.15
430.14
429.27
435.11
439.60
431.04
381.00
400.52
411.72
390.49
386.91
371.21
346.01
338.11
328.98
332.00
381.02
362.71
339.17
353.02
372.54
379.32
362.75
355.67
352.32
339.29
329.49
368.75
358.00
359.69
359.36
346.49
366.94
342.24
331.22
331.14
318.78
311.46
291.00
312.08
310.02
300.12
297.42
280.18
259.56
262.43
257.44
282.05
292.09
292.96
265.99
275.11
279.43
274.34
283.99
302.11
305.97
308.82
300.22
315.76
310.67
325.28
315.24
310.28
310.17
297.11
298.02
302.95
300.36
297.42
303.11
307.65
321.32
328.05
334.06
322.01
325.19
315.07
312.69
314.32
300.97
298.99
299.67
282.75
303.08
306.50
324.70
323.87
331.48
348.67
343.32
338.53
340.57
340.45
343.00
353.72
371.28
378.77
358.51
358.04
363.05
357.68
342.66
353.11
342.64
346.45
330.06
345.45
341.64
337.18
337.99
327.16
325.48
318.92
305.64
308.57
290.89
308.17
317.91
323.53
324.42
319.69
335.34
333.10
329.94
330.16
348.60
347.17
344.07
353.29
347.70
342.69
348.06
354.09
362.50
369.78
368.24
358.65
362.00
372.50
378.11
368.91
379.50
388.74
392.24
379.30
381.47
383.86
384.69
389.49
385.95
383.71
391.47
395.97
393.69
401.98
402.99
403.47
396.61
407.33
407.98
399.01
389.54
387.50
390.00
396.84
398.88
397.18
396.50
393.50
404.36
405.56
410.40
417.23
426.56
428.40
431.65
440.28
444.32
438.77
435.62
432.60
429.00
424.84
416.77
416.00
415.16
414.06
420.09
407.35
405.68
409.29
415.77
425.32
424.14
421.59
418.99
408.49
409.61
396.63
402.49
410.39
414.40
424.30
424.69
438.17
442.60
430.25
430.17
427.90
427.69
437.34
446.72
444.80
439.85
436.24
445.64
443.05
452.21
453.73
451.14
450.36
457.10
456.61
453.94
458.58
462.28
460.00
444.89
445.28
443.97
460.41
465.24
468.73
471.37
468.00
466.06
464.75
461.67
455.76
453.01
457.52
461.30
458.62
463.97
470.94
472.14
475.12
477.54
488.29
491.72
491.46
497.00
499.06
498.46
496.77
492.48
498.53
498.53
495.85
487.20
484.58
488.52
498.74
517.54
514.18
516.25
524.04
526.11
535.32
529.91
549.85
552.09
551.72
551.10
554.09
553.69
554.21
548.29
540.30
551.05
536.12
533.99
537.29
540.33
548.65
551.10
562.51
566.76
570.56
567.85
572.05
576.28
577.49
576.65
572.99
569.96
582.35
583.09
585.74
579.76
583.00
589.87
587.51
585.74
585.01
586.25
587.05
589.02
591.50
590.51
595.73
593.14
597.76
593.94
596.42
598.68
601.12
611.68
618.48
622.87
619.40
622.73
619.98
626.75
623.99
608.26
594.10
602.02
601.11
590.48
587.09
589.85
580.00
587.62
580.41
582.98
550.01
540.00
542.42
542.10
534.29
529.94
533.02
531.12
540.82
526.78
531.29
533.47
536.44
534.45
536.40
533.12
541.30
538.21
543.22
540.76
542.80
535.07
531.47
526.43
526.80
532.69
541.06
545.32
554.59
564.21
562.48
560.19
576.45
581.14
579.54
563.18
565.20
565.56
566.40
560.00
557.50
549.00
557.33
562.88
562.69
562.45
566.71
567.12
568.80
571.01
568.22
563.54
567.49
566.22
572.73
586.77
589.00
595.30
550.15
550.10
555.04
554.30
547.06
544.99
531.64
529.06
529.19
532.00
525.70
530.60
506.37
509.76
498.67
493.14
521.65
509.05
505.39
510.88
507.53
507.97
498.37
494.43
475.01
472.05
477.16
477.07
475.47
490.46
485.63
482.37
493.37
505.60
498.72
485.52
484.78
474.02
487.01
488.50
483.19
497.99
501.27
500.08
500.03
488.56
486.25
482.05
475.10
472.68
472.08
454.26
444.95
439.49
436.55
436.07
450.20
456.56
467.49
475.83
489.20
491.34
494.02
459.61
466.18
481.59
477.50
484.81
490.06
488.97
492.63
484.35
484.99
484.85
490.41
489.83
506.32
508.10
500.22
505.35
503.71
491.74
492.01
486.35
485.59
490.52
482.15
467.97
462.02
464.07
451.39
454.62
450.98
458.83
452.69
450.02
460.33
463.18
470.30
464.40
470.58
476.18
476.14
482.27
480.43
480.64
481.06
490.15
508.28
513.46
516.00
513.48
527.29
530.41
527.17
527.69
525.79
525.62
522.35
538.23
534.35
530.01
536.35
538.84
541.39
543.30
540.93
601.45
617.71
607.83
607.98
611.99
612.53
616.50
618.60
616.47
618.58
613.70
615.00
615.60
620.18
624.27
625.08
626.77
624.82
622.88
617.19
603.29
595.47
583.72
583.55
596.56
590.83
591.22
583.01
594.97
590.00
582.11
555.71
564.35
571.82
573.00
578.36
587.14
590.54
591.50
592.21
594.62
594.91
590.30
591.71
590.80
595.06
603.07
605.49
604.23
602.38
598.92
601.00
598.86
593.97
604.35
602.12
609.07
613.50
616.44
614.21
616.01
616.87
616.69
624.18
639.63
631.75
626.77
611.83
611.08
619.91
616.50
616.79
600.99
600.36
611.04
612.00
610.15
610.98
614.29
618.38
616.50
616.44
624.50
628.15
624.15
624.22
625.26
630.08
610.21
611.32
608.82
610.04
613.40
600.76
600.79
609.56
600.62
591.66
592.31
591.77
580.30
576.71
569.99
569.56
557.10
561.36
561.06
576.50
577.32
582.16
586.89
579.74
575.36
581.73
581.84
586.76
591.80
587.68
569.09
574.18
580.00
578.16
577.37
570.61
576.28
578.51
530.70
526.84
521.53
525.73
525.10
525.05
532.82
537.76
537.97
544.10
538.56
533.89
535.79
534.27
535.30
537.68
542.66
535.45
535.05
529.55
518.42
530.46
529.81
531.25
524.03
518.39
518.26
519.67
518.13
520.90
529.02
525.60
528.06
523.08
521.06
519.03
519.17
516.73
509.51
504.73
508.37
502.95
500.37
485.02
484.58
493.00
487.01
480.22
474.88
482.80
493.65
497.57
506.38
521.03
532.44
535.36
546.60
531.99
527.28
534.01
538.26
528.94
597.62
594.94
602.55
595.35
606.99
618.23
618.98
622.52
607.22
610.94
603.69
606.77
592.40
601.17
577.52
579.04
546.02
573.41
549.01
562.13
563.77
557.23
539.00
533.15
504.88
490.92
498.17
518.82
523.29
520.04
526.86
539.08
540.70
540.96
532.50
524.84
522.18
534.03
534.96
524.85
530.12
529.52
532.07
542.56
546.68
546.67
546.63
539.20
520.66
525.51
531.89
539.34
528.84
527.50
515.04
495.52
501.90
504.70
514.71
515.12
537.17
543.18
548.50
558.99
591.68
582.41
590.51
580.70
583.67
590.49
596.42
583.16
586.31
598.67
600.14
592.64
578.65
584.82
597.50
596.14
608.33
612.34
600.95
595.08
608.35
613.00
616.56
611.47
600.87
594.88
580.94
580.00
570.11
563.00
588.19
582.93
599.39
613.77
620.36
625.65
623.77
623.39
616.05
627.42
625.39
625.63
618.07
619.54
625.96
621.83
630.37
625.82
629.70
633.14
640.25
639.70
642.40
645.90
665.41
668.28
659.01
650.02
622.46
623.14
625.96
629.64
624.99
628.58
632.91
639.57
585.99
585.52
580.93
569.49
568.10
579.98
577.69
580.11
580.83
585.11
596.33
609.09
606.77
609.85
611.46
605.91
612.20
609.76
605.56
606.52
604.64
614.00
607.94
606.11
609.90
609.31
618.39
618.25
622.40
621.25
614.25
604.96
606.80
607.14
600.25
605.15
617.78
615.99
621.13
625.04
633.98
633.49
639.98
646.05
642.59
649.33
647.02
655.76
648.41
641.24
646.92
642.62
635.15
632.32
630.84
626.86
635.96
651.01
624.60
606.07
609.57
607.45
599.30
596.06
597.60
601.27
609.72
615.47
614.98
604.85
604.43
607.26
611.02
596.97
607.55
612.79
609.15
613.66
605.23
604.00
611.11
628.93
623.05
600.40
614.11
600.80
609.46
603.66
591.53
594.34
588.23
580.86
570.98
578.59
570.41
580.57
578.23
580.45
568.50
565.10
561.09
559.05
564.51
570.85
581.53
577.51
565.21
571.48
560.70
564.68
569.30
564.31
580.07
580.47
587.83
595.92
585.98
586.01
581.70
571.19
570.48
576.52
574.92
576.73
580.76
593.06
610.82
615.51
607.57
607.99
613.36
634.96
632.30
632.97
632.68
628.75
641.33
642.82
640.54
642.23
642.35
642.00
660.01
668.66
667.54
672.87
677.14
675.54
669.51
677.18
676.80
678.63
669.22
677.25
688.01
681.68
685.09
681.04
680.72
699.40
706.15
700.77
692.19
690.88
706.04
709.68
709.98
718.28
727.50
728.12
733.99
749.38
749.16
753.46
756.50
754.50
761.78
756.99
762.50
768.05
767.65
757.84
744.09
744.56
751.48
744.75
740.98
744.70
755.49
695.00
681.79
678.67
680.35
677.30
677.76
675.15
680.30
687.59
687.92
682.96
681.72
667.12
652.29
663.03
665.90
659.05
652.55
647.26
647.18
668.21
669.97
665.87
667.97
661.15
670.71
683.67
691.89
698.37
695.25
691.03
687.82
691.13
684.21
685.42
696.88
697.56
702.70
701.96
720.78
721.07
720.11
722.36
715.63
709.50
708.87
706.29
700.01
707.38
723.25
723.67
737.97
734.75
733.30
738.12
741.48
739.99
723.25
724.93
715.19
711.32
704.51
702.87
741.50
754.21
753.67
750.73
753.68
753.83
755.69
775.60
759.02
765.74
770.17
773.95
785.37
782.42
780.70
782.86
787.82
792.89
806.85
792.46
795.53
799.71
790.77
790.13
799.78
801.20
806.19
821.50
838.60
831.38
832.60
831.52
834.82
827.61
825.31
821.54
814.30
807.79
811.32
814.71
811.26
810.31
809.64
812.42
802.66
794.19
801.19
813.04
806.20
795.07
783.05
774.85
777.65
790.18
790.39
790.05
781.93
793.37
782.56
765.91
799.87
800.11
807.90
813.45
809.10
801.42
819.06
824.57
820.43
829.61
845.72
861.55
857.23
873.63
871.48
880.23
877.53
887.10
915.89
903.87
909.18
908.53
906.97
889.42
882.79
873.32
881.27
868.31
870.76
871.22
867.63
859.10
859.70
864.64
879.73
890.22
879.81
871.98
877.00
875.04
886.25
900.62
900.68
884.74
880.93
869.79
866.20
873.65
877.07
880.37
887.88
882.31
886.43
893.49
905.09
905.24
905.99
920.24
923.00
924.69
919.61
918.55
910.68
896.60
910.70
903.80
902.90
887.70
885.35
882.27
890.92
887.75
904.22
906.57
905.00
896.57
890.65
892.66
890.41
885.51
881.25
869.81
859.66
856.91
865.65
865.42
869.33
873.71
870.21
866.39
850.15
848.55
855.43
846.90
860.38
871.63
879.56
879.58
888.05
888.67
896.19
893.06
889.07
887.76
886.11
903.32
898.39
903.11
886.50
886.84
877.23
878.17
876.39
875.91
887.00
887.99
876.09
872.35
865.74
853.67
855.86
868.24
871.99
876.11
882.01
898.03
888.79
1011.41
1003.30
1007.00
1031.41
1025.55
1015.20
1015.00
1036.24
1030.42
1030.58
1027.04
1026.11
1021.52
1022.75
1007.95
1016.03
1010.59
1011.78
1032.47
1035.23
1033.56
1031.55
1025.20
1022.31
1034.07
1031.89
1045.93
1058.41
1063.11
1059.59
1054.48
1053.26
1058.18
1057.34
1069.87
1078.14
1084.66
1077.29
1069.96
1060.79
1072.98
1069.86
1084.75
1086.22
1100.62
1115.10
1111.84
1117.46
1118.40
1109.46
1120.71
1113.12
1105.00
1117.32
1138.86
1141.23
1130.24
1130.18
1122.98
1149.40
1148.62
1156.22
1150.53
1163.70
1165.02
1160.10
1123.83
1101.23
1123.01
1106.92
1135.39
1180.97
1133.43
1138.16
1143.20
1159.96
1177.44
1172.93
1190.18
1186.69
1199.90
1202.80
1210.88
1202.34
